tree
version=v4
num_class=1
num_tree_per_iteration=1
label_index=0
max_feature_idx=41
objective=binary sigmoid:1
feature_names=original_cost_cr revised_cost_cr cumulative_expenditure_cr physical_progress_pct cost_overrun_pct expenditure_original_cost_pct expenditure_revised_cost_pct progress_expenditure_gap_pct project_age_months planned_duration_months remaining_duration_months remaining_progress_pct schedule_slippage_months completion_date_revised_flag monthly_progress_change_pct monthly_expenditure_change_cr monthly_revised_cost_change_cr monthly_cost_growth_pct progress_velocity_pct_per_month expenditure_growth_pct required_progress_velocity_pct_per_month velocity_gap_pct_points prev_cost_overrun_pct prev_physical_progress_pct prev_completion_revised_flag cost_overrun_trend_1m progress_trend_1m rolling_progress_velocity_3m rolling_cost_growth_3m rolling_expenditure_growth_3m snapshots_so_far expected_progress_pct progress_gap_enhanced_pct progress_gap_change_1m expenditure_progress_efficiency_gap efficiency_gap_change_1m progress_velocity_change_1m expenditure_growth_change_1m ministry sector state implementing_agency
feature_infos=[68:150000] [0.10000000000000001:188000] [-5.1500000000000004:124623] [0:100] [-99.958099388299999:1231.52801849] [-0.20339732779399999:10333.2813102] [-0.14229192224000001:10333.2813102] [-100:10241.2813102] [-18.960000000000001:487.02999999999997] [-190:487.02999999999997] [-141.03999999999999:98.040000000000006] [0:100] [-356.04000000000002:299.99000000000001] [0:1] [-39:84] [-3559.4400000000001:87227] [-418.63999999999999:2478.52] [-40.180423561200001:87.751321339] [-39:84] [-100:13986.026843199999] [0:101.01010101] [-101.01010101:65.317725752499996] [-45.703782758199999:1231.52801849] [0:100] [0:1] [-63.442034925800002:1080.984540229] [-66:97] [-39:70] [-20.090211780600001:87.751321339] [-100:4930] [1:7] [0:100] [-55:100] [-88:61.232711513095907] [-100:10241.2813102] [-772.34905891029996:10252.9229286971] [-53:80] [-9179.4457315762102:13982.44657277532] -1:14:15:6:11:13:8:4:1:5:16:3:12:9:10:7:2 -1:11:13:1:10:18:21:4:3:20:0:19:15:6:16:5:9:14:12:7:2:17 -1:18:9:13:108:98:5:110:17:4:1:14:103:3:106:7:105:12:102:15:10:109:11:99:19:42:86:2:30:100:104:97:21:25:46:88:20:27:77:107:31:50:79:57:81:38:64:65:69:85:89:22:29:47:51:55:62:71:90:93:16:49:91:0:6:8:23:26:40:41:44:52:53:56:60:63:82:87:101:24:32:34:35:37:39:43:45:48:59:61:66:68:73:74:78:80:84:92:94:96:33:75:95:54:67:72 -1:168:138:117:113:215:2:108:111:123:116:58:185:56:189:197:155:161:192:172:59:53:163:9:48:182:178:61:149:148:151:129:29:87:219:220:180:49:70:55:93:154:157:147:132:41:104:140:60:84:98:115:159:217:137:4:164:191:44:103:175:102:170:187:203:206:12:120:27:66:71:199:63:92:106:173:15:28:43:52:68:96:114:119:131:153:210:37:69:201:6:13:54:64:99:101:130:158:195:214:216:91:169:177:186:190:1:47:0:73:171:122:174:5:19:23:31:33:36:39:45:50:77:78:79:80:81:85:94:121:125:126:133:141:143:144:146:160:162:166:179:200:205:207:208:209:211:212:213:8:11:16:20:21:24:34:35:40:57:74:75:82:90:100:105:107:109:112:118:134:135:136:145:152:156:167:181:204:7:14:17:25:26:32:51:97:124:128:142:176:184:193:46:62:72:110:139:150:196:42:76:86:165:198:218
tree_sizes=995 1688 1015 1027 1230 1019 1014 1804 1106 1017 1129 1014 1015 1906 1928 997 989 998 1103 1104 995 1102 1140 1029 1004 1905 1009 1340 1006 1392 1030 1007 1109 1008 1026 1006 1007 1331 1001 1023 1211 1136 1751 1147 1189

Tree=0
num_leaves=8
num_cat=1
split_feature=4 10 39 10 21 23 29
split_gain=4443.67 137.614 50.0238 22.9751 7.81461 3.64099 3.32776
threshold=1.0000000180025095e-35 2.5000000000000004 0 1.4800000000000002 -8.9492385786799975 89.500000000000014 1.3716326752300001
decision_type=2 8 9 10 8 10 8
left_child=1 2 6 -4 -3 -5 -1
right_child=-2 4 3 5 -6 -7 -8
leaf_value=-0.89259110967781263 -0.81495861731290931 -0.89762634361099602 -0.86456425474505516 -0.88402968320626552 -0.91663343254611984 -0.8971709787851786 -0.9078433701088503
leaf_weight=13.214522361755369 291.7518765181303 18.582922071218491 30.765059873461723 15.692245304584505 762.31275874376297 13.214522361755369 47.07673591375351
leaf_count=64 1413 90 149 76 3692 64 228
internal_value=-0.8887 -0.912912 -0.890803 -0.877786 -0.91626 -0.890303 -0.90307
internal_weight=1192.61 900.859 119.963 59.6718 780.896 28.9068 60.2913
internal_count=5776 4363 581 289 3782 140 292
cat_boundaries=0 1
cat_threshold=10248
is_linear=0
shrinkage=1


Tree=1
num_leaves=14
num_cat=2
split_feature=22 10 25 2 41 35 7 41 20 10 10 7 8
split_gain=2565.37 317.827 161.346 147.813 38.8397 62.4789 25.273 19.8241 16.9366 8.8281 3.24689 3.16937 1.16093
threshold=1.0000000180025095e-35 2.5000000000000004 1.0000000180025095e-35 414.5800000000001 0 -2.0307979411499999 6.3669294343850007 1 13.087285165350002 1.4800000000000002 -13.489999999999998 -21.563880446899997 42.035000000000004
decision_type=10 8 8 2 9 10 2 9 10 10 10 2 8
left_child=1 4 8 7 10 12 -5 -4 -3 -7 -1 -12 -6
right_child=-2 2 3 6 5 9 -8 -9 -10 -11 11 -13 -14
leaf_value=0.0031070724903693799 0.069447160694747379 -0.027510166030184545 0.00063905529179277758 0.022997344931885644 0.015425573502600449 0.011216813338325082 -0.0019271737249378325 -0.020071560459106182 -0.0010701861694926598 -0.004934676556874797 -0.00040890993877719785 -0.013718721429177174 0.040464942024354494
leaf_weight=14.077179193496702 206.07834281027317 546.72883719205856 33.479511395096779 64.629069074988365 12.504484012722967 28.405378237366676 25.544201493263245 148.54737566411495 12.929698526859282 25.791008099913597 16.751809835433956 15.253003567457201 41.534331738948822
leaf_count=68 969 2679 162 310 60 137 124 726 63 125 81 74 198
internal_value=-2.70213e-07 -0.0148503 -0.0202171 -0.0061183 0.0137195 0.019668 0.0161998 -0.0173677 -0.0269269 0.00371352 -0.00384147 -0.00806128 0.0368831
internal_weight=1192.25 986.176 831.859 272.2 154.317 108.235 90.1733 182.027 559.659 54.1964 46.082 32.0048 54.0388
internal_count=5776 4807 4064 1322 743 520 434 888 2742 262 223 155 258
cat_boundaries=0 5 10
cat_threshold=16 67174400 0 136314880 1048578 0 0 0 1024 1024
is_linear=0
shrinkage=0.022


Tree=2
num_leaves=8
num_cat=1
split_feature=4 10 38 10 24 21 10
split_gain=3985.41 130.747 50.8416 15.1358 9.0764 7.68544 3.14994
threshold=1.0000000180025095e-35 2.5000000000000004 0 1.4800000000000002 1.0000000180025095e-35 -8.9492385786799975 1.4800000000000002
decision_type=2 8 9 10 10 8 10
left_child=1 2 3 -1 -4 -3 -6
right_child=-2 5 4 -5 6 -7 -8
leaf_value=0.034577654040904106 0.067593966325438723 -0.0086060142616202224 -0.017358914396890763 0.0046070031605434181 0.0017346218189089936 -0.027426563139926426 -0.0097712584827929442
leaf_weight=14.09557846188545 306.49928000569344 18.401375412940979 50.021854251623154 18.186602681875229 25.569728776812553 746.07329975068569 12.354461014270781
leaf_count=67 1413 90 243 88 123 3692 60
internal_value=0 -0.0237201 -0.00221644 0.0168134 -0.0105542 -0.0270512 -0.00271114
internal_weight=1191.2 884.703 120.228 32.2822 87.946 764.475 37.9242
internal_count=5776 4363 581 155 426 3782 183
cat_boundaries=0 1
cat_threshold=10496
is_linear=0
shrinkage=0.022


Tree=3
num_leaves=8
num_cat=1
split_feature=4 10 38 20 10 24 20
split_gain=3759.36 128.213 49.1079 19.386 14.4161 8.8082 8.41987
threshold=1.0000000180025095e-35 2.5000000000000004 0 13.383178086750002 1.4800000000000002 1.0000000180025095e-35 10.005005005000003
decision_type=2 8 9 10 10 10 8
left_child=1 2 4 -3 -1 -4 -7
right_child=-2 3 5 -5 -6 6 -8
leaf_value=0.033718743343209026 0.064606525716434424 -0.027266383629677159 -0.017131237579909853 -0.00065130631642771925 0.0045242052617019447 -0.012877117354412706 0.0054019112334981901
leaf_weight=14.287296563386915 313.80964013934135 741.17217870056629 49.655365630984306 14.218978270888327 18.221425428986549 15.468326359987257 22.423226654529572
leaf_count=67 1413 3712 243 70 88 75 108
internal_value=-1.06515e-06 -0.0234485 -0.00215548 -0.0267817 0.0164743 -0.0103949 -0.00267501
internal_weight=1189.26 875.447 120.056 755.391 32.5087 87.5469 37.8916
internal_count=5776 4363 581 3782 155 426 183
cat_boundaries=0 1
cat_threshold=10496
is_linear=0
shrinkage=0.022


Tree=4
num_leaves=10
num_cat=1
split_feature=4 23 21 38 19 32 21 3 9
split_gain=3554.54 43.8334 28.2336 18.5518 10.7092 10.1688 7.63928 1.17706 0.278269
threshold=1.0000000180025095e-35 82.500000000000014 -12.1694867136 0 2.6464262519700008 2.9845360824742291 -9.4880156075799977 94.050000000000011 26.990000000000006
decision_type=2 10 8 9 8 10 10 2 10
left_child=1 2 -1 4 -3 8 -7 -4 -5
right_child=-2 3 7 5 -6 6 -8 -9 -10
leaf_value=0.0021347010112725633 0.061930230645706068 0.018088240110294192 -0.026075058957126661 -0.0083197500343294116 -0.005905644320625931 0.0039132110713772606 -0.01425737018563278 -0.013076851098142765 -0.022330589186667665
leaf_weight=16.694867610931396 320.35199370980263 13.290883734822271 711.06478880345821 12.333234563469885 12.226688027381899 20.660381019115448 13.795281589031218 23.612240135669708 42.46254226565361
leaf_count=81 1413 64 3596 61 60 101 69 117 214
internal_value=-1.73478e-06 -0.0231827 -0.0251347 -0.00974446 0.00567947 -0.0134737 -0.00426148 -0.025774 -0.0203999
internal_weight=1186.49 866.141 751.372 114.769 25.5176 89.2514 34.4557 734.677 54.7958
internal_count=5776 4363 3794 569 124 445 170 3713 275
cat_boundaries=0 1
cat_threshold=8448
is_linear=0
shrinkage=0.022


Tree=5
num_leaves=8
num_cat=1
split_feature=4 10 38 20 10 35 20
split_gain=3368.41 125.276 46.7164 18.9842 13.5388 8.47215 5.50912
threshold=1.0000000180025095e-35 2.5000000000000004 0 13.383178086750002 1.4800000000000002 0.43951992863000028 10.005005005000003
decision_type=2 8 9 10 10 8 8
left_child=1 2 4 -3 -1 6 -4
right_child=-2 3 5 -5 -6 -7 -8
leaf_value=0.03288907491837826 0.059519124036807827 -0.026771396547365212 -0.01109008410308206 -0.00043601598914018403 0.004551189803456342 -0.016269162082039653 0.0043422357005466223
leaf_weight=14.471056714653967 326.17169970273972 723.6923760175705 12.617048233747481 14.130048111081122 18.209717139601707 51.820662051439285 22.098789602518082
leaf_count=67 1413 3712 62 70 88 257 107
internal_value=-7.8052e-06 -0.0229252 -0.00184231 -0.026282 0.0162068 -0.00999787 -0.00193912
internal_weight=1183.21 857.04 119.217 737.822 32.6808 86.5365 34.7158
internal_count=5776 4363 581 3782 155 426 169
cat_boundaries=0 1
cat_threshold=10496
is_linear=0
shrinkage=0.022


Tree=6
num_leaves=8
num_cat=2
split_feature=4 10 38 20 10 39 29
split_gain=3197.66 122.915 45.1212 18.6254 12.9165 8.81208 1.01275
threshold=1.0000000180025095e-35 2.5000000000000004 0 13.383178086750002 1.4800000000000002 1 1.3716326752300001
decision_type=2 8 9 10 10 9 8
left_child=1 2 4 -3 -1 -4 -7
right_child=-2 3 5 -5 -6 6 -8
leaf_value=0.032103041792881759 0.057335902250198301 -0.02652287752056438 0.0025030505393856288 -0.00042934112639995406 0.0044694684007223753 -0.0059262354680686144 -0.017319026597597383
leaf_weight=14.644165918231009 331.31148140132427 714.5603836774826 20.978904604911804 14.127346903085707 18.244054302573204 14.904250413179398 50.260903939604759
leaf_count=67 1413 3712 102 70 88 73 251
internal_value=-7.61765e-06 -0.0226709 -0.00178841 -0.0260321 0.0158852 -0.00984597 -0.013599
internal_weight=1179.03 847.72 119.032 728.688 32.8882 86.1441 65.1652
internal_count=5776 4363 581 3782 155 426 324
cat_boundaries=0 1 2
cat_threshold=10496 1114179
is_linear=0
shrinkage=0.022


Tree=7
num_leaves=15
num_cat=2
split_feature=22 31 3 41 1 10 25 12 20 39 10 33 2 20
split_gain=1811.42 266.894 133.179 77.921 39.0131 25.1825 21.5537 20.2425 10.4788 9.49989 5.30416 4.76403 2.68251 1.94289
threshold=1.0000000180025095e-35 96.64646527756085 49.500000000000007 0 608.0200000000001 3.4800000000000004 1.0000000180025095e-35 0.95500000000000018 0.67309097552050001 1 1.0000000180025095e-35 -2.651129353356104 391.86500000000007 19.946054925900004
decision_type=10 8 2 9 2 8 8 10 10 9 8 10 2 8
left_child=1 5 7 10 -5 9 -7 12 -8 11 -4 -1 -3 -9
right_child=-2 2 3 4 -6 6 8 13 -10 -11 -12 -13 -14 -15
leaf_value=-0.0039777039455398495 0.054381731068332342 -0.023172336670875492 -0.0027442620066569627 0.0037256575872639066 0.024347347055779643 -0.026341456291610752 -0.016232454018532554 -0.0053081561198169069 0.0019050379914688331 -0.012927269553274877 -0.017643163575692941 0.012023696270400281 -0.0073897788725505514 0.0042602431607252703
leaf_weight=12.420126736164095 231.10127051174641 85.11674776673317 20.95381997525692 73.363256111741066 120.34339819848537 446.98915922641754 54.153062507510185 14.365265265107157 18.46766085922718 20.128148853778839 35.246698126196861 12.635890379548071 14.359341025352476 14.552237197756765
leaf_count=61 969 444 103 358 556 2356 277 72 90 103 181 63 72 71
internal_value=-6.55791e-06 -0.0135995 0.000705783 0.0100217 0.0161049 -0.0230976 -0.024471 -0.0170238 -0.0117567 -0.00617839 -0.0111798 0.00353913 -0.0214962 -0.000430858
internal_weight=1174.2 943.095 378.301 249.907 193.707 564.794 519.61 128.394 72.6207 45.1842 56.2005 25.056 99.4761 28.9175
internal_count=5776 4807 1857 1198 914 2950 2723 659 367 227 284 124 516 143
cat_boundaries=0 7 8
cat_threshold=0 84017152 0 136314880 1048576 4096 276824064 271425
is_linear=0
shrinkage=0.022


Tree=8
num_leaves=9
num_cat=0
split_feature=4 20 23 31 9 32 9 3
split_gain=2933.74 45.6839 43.0438 33.0118 8.55897 5.75772 4.96648 1.82736
threshold=1.0000000180025095e-35 12.547071195600003 80.260000000000005 96.761080514030965 75.945000000000007 38.557504312823468 20.975000000000005 94.050000000000011
decision_type=2 10 10 10 8 10 10 2
left_child=1 2 7 6 -5 -3 -4 -1
right_child=-2 5 3 4 -6 -7 -8 -9
leaf_value=-0.025847416392689192 0.054009926453483383 0.0099187368125111357 -0.0049957699642605522 0.0082136363526971075 -0.0087461163626849896 -0.0056348201503852984 -0.022634443788089723 -0.012365597619022872
leaf_weight=652.03952991962433 338.63331127166748 16.666768655180931 14.427748262882231 36.351199984550476 15.904792889952658 17.477548509836197 55.845296055078506 22.908610537648201
leaf_count=3457 1413 81 73 174 80 87 295 116
internal_value=-1.40709e-05 -0.0222483 -0.0233089 -0.0105121 0.00258815 0.00216803 -0.019763 -0.0255109
internal_weight=1170.25 831.621 797.477 122.529 52.256 34.1443 70.273 674.948
internal_count=5776 4363 4195 622 254 168 368 3573
is_linear=0
shrinkage=0.022


Tree=9
num_leaves=8
num_cat=2
split_feature=4 10 38 20 10 39 29
split_gain=2797.33 116.632 42.8772 18.0631 12.1392 8.34912 0.873569
threshold=1.0000000180025095e-35 2.5000000000000004 0 13.383178086750002 1.4800000000000002 1 1.3716326752300001
decision_type=2 8 9 10 10 9 8
left_child=1 2 4 -3 -1 -4 -7
right_child=-2 3 5 -5 -6 6 -8
leaf_value=0.03107958508325627 0.052309064178533919 -0.025884532690542243 0.0024027537977272064 -0.00019018781418244661 0.0043520320705899051 -0.0058915221720131899 -0.016932736134676916
leaf_weight=14.865726962685583 342.10680912435055 689.87519294023514 21.041566282510757 14.029866039752958 18.291336014866829 14.882960915565491 49.560689777135849
leaf_count=67 1413 3712 102 70 88 73 251
internal_value=-1.89489e-05 -0.0220106 -0.0016817 -0.0253861 0.0154548 -0.00960559 -0.0132929
internal_weight=1164.65 822.547 118.642 703.905 33.1571 85.4852 64.4437
internal_count=5776 4363 581 3782 155 426 324
cat_boundaries=0 1 2
cat_threshold=10496 1114179
is_linear=0
shrinkage=0.022


Tree=10
num_leaves=9
num_cat=1
split_feature=4 10 39 10 20 37 29 37
split_gain=2670.27 114.559 40.3093 18.2867 17.7398 3.61589 2.91547 1.67122
threshold=1.0000000180025095e-35 2.5000000000000004 0 1.4800000000000002 13.383178086750002 111.09232528001002 1.3716326752300001 12.629563416510004
decision_type=2 8 9 10 10 8 8 8
left_child=1 2 6 7 -3 -5 -1 -4
right_child=-2 4 3 5 -6 -7 -8 -9
leaf_value=-0.0033400711146078098 0.050745467518071595 -0.025658016084459924 0.0083918576404632319 -0.0086562415941894948 -0.00018726856107343813 0.0044906838403942963 -0.017613814167064503 0.025958297112706481
leaf_weight=12.988079354166983 345.04052795469761 680.80786943435669 13.382065817713736 12.383232980966566 14.028679013252257 16.449176043272022 44.524145036935806 18.698648348450661
leaf_count=64 1413 3712 63 60 70 80 228 86
internal_value=-1.72103e-05 -0.0217748 -0.00162648 0.00976386 -0.0251576 -0.00151633 -0.0130433 0.0212519
internal_weight=1158.3 813.262 118.425 60.9131 694.837 28.8324 57.5122 32.0807
internal_count=5776 4363 581 289 3782 140 292 149
cat_boundaries=0 1
cat_threshold=10248
is_linear=0
shrinkage=0.022


Tree=11
num_leaves=8
num_cat=2
split_feature=4 10 38 20 10 39 29
split_gain=2552.07 112.458 40.5273 17.4267 11.1242 7.78586 0.793588
threshold=1.0000000180025095e-35 2.5000000000000004 0 13.383178086750002 1.4800000000000002 1 1.3716326752300001
decision_type=2 8 9 10 10 9 8
left_child=1 2 4 -3 -1 -4 -7
right_child=-2 3 5 -5 -6 6 -8
leaf_value=0.029877475402703392 0.049303364989264777 -0.025436738231582261 0.0022518346110496279 -0.00018439325145083905 0.0042900820877707149 -0.0057743746143915356 -0.01653169909083765
leaf_weight=15.121765688061712 347.46712766587734 671.77460300922394 21.139643356204033 14.027510240674017 18.317336916923523 14.828514218330383 48.831845596432686
leaf_count=67 1413 3712 102 70 88 73 251
internal_value=-1.6556e-05 -0.0215443 -0.00158335 -0.0249343 0.0149859 -0.00935618 -0.012958
internal_weight=1151.51 804.041 118.239 685.802 33.4391 84.8 63.6604
internal_count=5776 4363 581 3782 155 426 324
cat_boundaries=0 1 2
cat_threshold=10496 1114179
is_linear=0
shrinkage=0.022


Tree=12
num_leaves=8
num_cat=2
split_feature=4 10 38 10 21 39 29
split_gain=2441.65 110.482 39.1343 10.6463 8.83599 7.57968 0.766474
threshold=1.0000000180025095e-35 2.5000000000000004 0 1.4800000000000002 -10.631581446149999 1 1.3716326752300001
decision_type=2 8 9 10 8 9 8
left_child=1 2 3 -1 -3 -4 -7
right_child=-2 4 5 -5 -6 6 -8
leaf_value=0.029213520438471866 0.0479693170277894 -0.0031707325447328234 0.0022224502577184758 0.0042133676837011374 -0.025049378250585473 -0.005694170949815518 -0.01632232699861522
leaf_weight=15.260009557008742 349.41752123832703 11.533818081021307 21.159250363707542 18.349413722753525 665.27415595948696 14.791479721665382 48.451346680521965
leaf_count=67 1413 59 102 88 3723 73 251
internal_value=-1.46623e-05 -0.0213175 -0.00153135 0.0146983 -0.0247157 -0.00920876 -0.0127792
internal_weight=1144.24 794.819 118.012 33.6094 676.808 84.4021 63.2428
internal_count=5776 4363 581 155 3782 426 324
cat_boundaries=0 1 2
cat_threshold=10496 1114179
is_linear=0
shrinkage=0.022


Tree=13
num_leaves=16
num_cat=1
split_feature=22 31 3 41 35 10 25 13 5 23 2 10 2 10 9
split_gain=1357.77 229.537 109.155 62.7136 31.0783 23.5259 19.0098 17.9784 16.2801 8.51213 6.60766 4.70025 2.51685 1.63591 0.596728
threshold=1.0000000180025095e-35 96.64646527756085 49.500000000000007 0 -0.31383154549999398 3.4800000000000004 1.0000000180025095e-35 1.0000000180025095e-35 22.031070518850004 63.500000000000007 653.17500000000007 1.0000000180025095e-35 391.86500000000007 4.995000000000001 27.025000000000002
decision_type=10 8 2 9 10 8 8 2 2 10 2 8 2 10 10
left_child=1 5 7 11 -5 9 14 12 -8 -1 -11 -4 -3 -9 -7
right_child=-2 2 3 4 -6 6 8 13 -10 10 -12 -13 -14 -15 -16
leaf_value=0.0069216511552784386 0.04565695183856678 -0.02196629826032331 -0.002419805028608783 0.020131612640143369 0 -0.018266668750284827 -0.017371911749185811 0.0039522191279800509 0.0043085843061932885 -0.018129069534625359 0.00086993888567793063 -0.016628444405071215 -0.0066446336068210505 -0.0049302973157134417 -0.026245633197846171
leaf_weight=13.700679793953894 241.20851635932922 79.242284581065178 20.47372904419899 144.64411406219006 49.775809600949287 77.477051600813866 48.403332650661469 15.110873192548754 20.77946200966835 17.64921356737614 12.480304971337317 33.290795996785164 13.72079363465309 13.036493346095083 335.58795383572578
leaf_count=68 969 444 103 670 244 439 265 75 102 94 65 181 72 68 1917
internal_value=-1.30177e-05 -0.0125444 0.000755106 0.00908121 0.0144317 -0.0217939 -0.0231957 -0.0158871 -0.0109627 -0.00532409 -0.0112695 -0.0103621 -0.0203004 -0.000144104 -0.0250451
internal_weight=1136.58 895.373 369.295 248.184 194.42 526.078 482.248 121.11 69.1828 43.8302 30.1295 53.7645 92.9631 28.1474 413.065
internal_count=5776 4807 1857 1198 914 2950 2723 659 367 227 159 284 516 143 2356
cat_boundaries=0 7
cat_threshold=0 84017152 0 136314880 1048576 4096 276824064
is_linear=0
shrinkage=0.022


Tree=14
num_leaves=16
num_cat=1
split_feature=22 31 3 41 1 10 25 12 20 23 10 10 20 20 9
split_gain=1300.2 223.452 105.081 59.8883 32.4228 23.1258 18.8257 17.5659 8.59195 8.27091 4.54677 3.22268 1.773 1.65968 0.658175
threshold=1.0000000180025095e-35 96.64646527756085 49.500000000000007 0 608.0200000000001 3.4800000000000004 1.0000000180025095e-35 0.95500000000000018 0.67309097552050001 63.500000000000007 1.0000000180025095e-35 2.0200000000000005 2.7894730885250003 19.946054925900004 27.025000000000002
decision_type=10 8 2 9 2 8 8 10 10 10 8 10 10 8 10
left_child=1 5 7 10 -5 9 14 12 -8 -1 -4 -11 -3 -9 -7
right_child=-2 2 3 4 -6 6 8 13 -10 11 -12 -13 -14 -15 -16
leaf_value=0.0068020626342893105 0.044572175610901058 -0.021476599748558381 -0.0026011042590302633 0.0028795184717576409 0.021484930497231269 -0.018061418722836894 -0.015028827629915007 -0.0047839811038631261 0.0016450406825272944 -0.0012773801800761932 -0.01670892614923827 -0.016149392478759819 -0.0064921310671306265 0.0041523991302218378 -0.026050530207863364
leaf_weight=13.739888682961462 241.78229169547558 79.968254134058952 20.658584833145142 74.821868702769279 121.25323128700256 76.710346266627312 50.745806932449341 13.80821865797043 18.049480065703392 13.030072152614595 31.981968760490417 16.947236120700836 12.039189264178274 14.334986656904219 330.76147754490376
leaf_count=68 969 451 104 369 550 439 277 72 90 64 175 95 65 71 1917
internal_value=-2.09682e-05 -0.0123747 0.000727015 0.00886194 0.0140151 -0.0215816 -0.0229861 -0.0156895 -0.0107996 -0.00524206 -0.0103362 -0.011129 -0.0200895 -0.000141263 -0.0248437
internal_weight=1130.63 888.851 368.866 248.716 196.075 519.984 476.267 120.151 68.7953 43.7172 52.6406 29.9773 92.0074 28.1432 407.472
internal_count=5776 4807 1857 1198 919 2950 2723 659 367 227 279 159 516 143 2356
cat_boundaries=0 7
cat_threshold=0 83886080 0 136314880 1048576 4096 276824065
is_linear=0
shrinkage=0.022


Tree=15
num_leaves=8
num_cat=2
split_feature=4 10 38 20 10 39 19
split_gain=2199.81 103.882 37.6378 17.0951 10.0816 7.29778 0.732796
threshold=1.0000000180025095e-35 2.5000000000000004 0 13.383178086750002 1.4800000000000002 1 1.0878309609950003
decision_type=2 8 9 10 10 9 8
left_child=1 2 4 -3 -1 -4 -7
right_child=-2 3 5 -5 -6 6 -8
leaf_value=0.028247886591119323 0.045101740421356694 -0.024709347846633509 0.0020945317354645787 0 0.0040250077761065442 -0.0054095967256131937 -0.016125464889803404
leaf_weight=15.453559488058088 352.00074961781502 640.44464021921158 21.23806756734848 13.829810157418249 18.424270570278168 13.720879808068275 49.324250400066376
leaf_count=67 1413 3712 102 70 88 68 256
internal_value=-2.84061e-05 -0.0207905 -0.00165502 -0.0241916 0.0142313 -0.00918215 -0.0127055
internal_weight=1124.44 772.435 118.161 654.274 33.8778 84.2832 63.0451
internal_count=5776 4363 581 3782 155 426 324
cat_boundaries=0 1 2
cat_threshold=10496 1114179
is_linear=0
shrinkage=0.022


Tree=16
num_leaves=8
num_cat=2
split_feature=4 10 38 20 10 39 29
split_gain=2111.19 102.11 36.3516 16.8133 9.66537 7.10387 0.724948
threshold=1.0000000180025095e-35 2.5000000000000004 0 13.383178086750002 1.4800000000000002 1 1.3716326752300001
decision_type=2 8 9 10 10 9 8
left_child=1 2 4 -3 -1 -4 -7
right_child=-2 3 5 -5 -6 6 -8
leaf_value=0.027645633441170346 0.04406278911212521 -0.024508285792718614 0.0020672355996563803 0 0.0039533331646359809 -0.0055869259964438228 -0.01602895259393522
leaf_weight=15.572192937135695 352.50899918377399 631.64021103084087 21.256155759096146 13.829810157418249 18.454069718718529 14.735829338431358 47.89621527493
leaf_count=67 1413 3712 102 70 88 73 251
internal_value=-2.59344e-05 -0.0205768 -0.00160337 -0.0239878 0.0139637 -0.00903743 -0.0125299
internal_weight=1115.89 763.384 117.914 645.47 34.0263 83.8882 62.632
internal_count=5776 4363 581 3782 155 426 324
cat_boundaries=0 1 2
cat_threshold=10496 1114179
is_linear=0
shrinkage=0.022


Tree=17
num_leaves=8
num_cat=2
split_feature=4 10 38 20 10 39 19
split_gain=2027.66 100.368 35.1129 16.5392 9.27214 6.91554 0.695648
threshold=1.0000000180025095e-35 2.5000000000000004 0 13.383178086750002 1.4800000000000002 1 1.0878309609950003
decision_type=2 8 9 10 10 9 8
left_child=1 2 4 -3 -1 -4 -7
right_child=-2 3 5 -5 -6 6 -8
leaf_value=0.027065299018889551 0.043091010251092909 -0.024311140486156776 0.0020403005681573863 0 0.0038830120311272522 -0.0052431843080365604 -0.015723201494146941
leaf_weight=15.683549687266348 352.66157786548138 622.89914444088936 21.273985281586647 13.829810157418249 18.483262941241264 13.647081330418587 48.575586870312691
leaf_count=67 1413 3712 102 70 88 68 256
internal_value=-2.34891e-05 -0.0203668 -0.00155362 -0.0237878 0.0137031 -0.00889544 -0.0123572
internal_weight=1107.05 754.392 117.663 636.729 34.1668 83.4967 62.2227
internal_count=5776 4363 581 3782 155 426 324
cat_boundaries=0 1 2
cat_threshold=10496 1114179
is_linear=0
shrinkage=0.022


Tree=18
num_leaves=9
num_cat=1
split_feature=4 10 38 20 10 23 29 37
split_gain=1948.79 98.6629 33.9562 16.2722 15.701 3.55958 1.87347 1.3519
threshold=1.0000000180025095e-35 2.5000000000000004 0 13.383178086750002 1.4800000000000002 89.500000000000014 1.3716326752300001 12.629563416510004
decision_type=2 8 9 10 10 10 8 8
left_child=1 2 6 -3 7 -6 -1 -4
right_child=-2 3 4 -5 5 -7 -8 -9
leaf_value=-0.0037780877397481064 0.042180220554636307 -0.024117710543393091 0.0075237692143499228 0 0.0044409652890378248 -0.008545107935017596 -0.01648615910438141 0.023179049093443514
leaf_weight=12.602947682142256 352.48142331838608 614.22556391358376 13.581618070602415 13.829810157418249 15.761931344866754 13.229501187801359 42.435689702630043 19.796063631772995
leaf_count=63 1413 3712 63 70 76 64 227 88
internal_value=-2.09874e-05 -0.02016 -0.00150493 -0.0235914 0.00871621 -0.00177684 -0.0123074 0.0190655
internal_weight=1097.94 745.463 117.408 628.055 62.3691 28.9914 55.0386 33.3777
internal_count=5776 4363 581 3782 291 140 290 151
cat_boundaries=0 1
cat_threshold=49154
is_linear=0
shrinkage=0.022


Tree=19
num_leaves=9
num_cat=1
split_feature=4 10 38 20 10 35 20 12
split_gain=1874.26 96.9257 33.2307 16.0122 8.52933 6.50705 5.44364 1.52262
threshold=1.0000000180025095e-35 2.5000000000000004 0 13.383178086750002 1.4800000000000002 0.43951992863000028 10.005005005000003 5.9650000000000007
decision_type=2 8 9 10 10 8 8 10
left_child=1 2 4 -3 -1 6 -4 -7
right_child=-2 3 5 -5 -6 7 -8 -9
leaf_value=0.02610901808759071 0.041324971086260993 -0.023927802099553665 -0.010825629982507646 0 0.0038422336313390566 -0.00385299964134803 0.0045599737550597605 -0.016555046534834097
leaf_weight=15.859487280249594 351.99029414355755 605.62328226864338 12.472134813666342 13.829810157418249 18.49974200129509 11.439352437853811 21.945909708738327 36.972721293568611
leaf_count=67 1413 3712 62 70 88 61 107 196
internal_value=-1.96425e-05 -0.019957 -0.00146754 -0.0233985 0.0133116 -0.0086679 -0.00165866 -0.0144106
internal_weight=1088.63 736.642 117.189 619.453 34.3592 82.8301 34.418 48.4121
internal_count=5776 4363 581 3782 155 426 169 257
cat_boundaries=0 1
cat_threshold=10496
is_linear=0
shrinkage=0.022


Tree=20
num_leaves=8
num_cat=2
split_feature=4 10 38 20 10 39 29
split_gain=1803.69 95.1972 32.1435 15.7586 8.19535 6.4734 0.612234
threshold=1.0000000180025095e-35 2.5000000000000004 0 13.383178086750002 1.4800000000000002 1 1.3716326752300001
decision_type=2 8 9 10 10 9 8
left_child=1 2 4 -3 -1 -4 -7
right_child=-2 3 5 -5 -6 6 -8
leaf_value=0.025582569941232751 0.040520446703255449 -0.023741234518807167 0.0019827511723650502 0 0.0037740046454896748 -0.0053562576152379523 -0.015315936642383166
leaf_weight=15.952182605862616 351.20878544449806 597.09580527245998 21.303571164608002 13.829810157418249 18.527997747063637 14.625686153769493 46.559438303112984
leaf_count=67 1413 3712 102 70 88 73 251
internal_value=-1.85978e-05 -0.0197575 -0.00143408 -0.0232088 0.0130677 -0.00854423 -0.011932
internal_weight=1079.1 727.894 116.969 610.926 34.4802 82.4887 61.1851
internal_count=5776 4363 581 3782 155 426 324
cat_boundaries=0 1 2
cat_threshold=10496 1114179
is_linear=0
shrinkage=0.022


Tree=21
num_leaves=9
num_cat=1
split_feature=4 10 38 20 10 23 29 37
split_gain=1736.66 93.5875 31.103 15.5113 14.4913 3.45109 1.75523 1.19952
threshold=1.0000000180025095e-35 2.5000000000000004 0 13.383178086750002 1.4800000000000002 89.500000000000014 1.3716326752300001 12.629563416510004
decision_type=2 8 9 10 10 10 8 8
left_child=1 2 6 -3 7 -6 -1 -4
right_child=-2 3 4 -5 5 -7 -8 -9
leaf_value=-0.0036145964651074815 0.039762373010735957 -0.023557832479919695 0.0072039886919226378 0 0.0043349986949584359 -0.0084540831852736968 -0.015957991145375005 0.02208331383392359
leaf_weight=12.53497603535652 350.15638518333435 588.64632099866867 13.646263882517813 13.829810157418249 15.797934710979463 13.187212646007536 41.493938878178596 20.043114706873894
leaf_count=63 1413 3712 63 70 76 64 227 88
internal_value=-1.6069e-05 -0.0195598 -0.00138929 -0.0230222 0.00831824 -0.00177836 -0.011858 0.018195
internal_weight=1069.34 719.18 116.703 602.476 62.6745 28.9851 54.0289 33.6894
internal_count=5776 4363 581 3782 291 140 290 151
cat_boundaries=0 1
cat_threshold=49154
is_linear=0
shrinkage=0.022


Tree=22
num_leaves=9
num_cat=1
split_feature=4 10 38 10 24 10 10 12
split_gain=1673.07 91.9486 30.4308 7.55201 6.07008 2.66828 2.17197 0.597217
threshold=1.0000000180025095e-35 2.5000000000000004 0 1.4800000000000002 1.0000000180025095e-35 1.0000000180025095e-35 3.4800000000000004 2.4800000000000004
decision_type=2 8 9 10 10 10 8 10
left_child=1 2 3 -1 7 -6 -3 -4
right_child=-2 6 4 -5 5 -7 -8 -9
leaf_value=0.024710215139732771 0.039046935801074566 -0.012279605157991189 -0.0048293105601742064 0.0037352463891001286 0.004330427516083514 -0.006105955770980484 -0.023306230564533036 -0.016094716921304944
leaf_weight=16.097482591867447 348.85159023106098 32.639190688729286 11.240583449602125 18.543303638696671 13.999590307474135 23.182151138782501 561.46834728121758 33.412318617105484
leaf_count=67 1413 194 60 88 68 115 3588 183
internal_value=-1.46555e-05 -0.0193655 -0.00135504 0.0127014 -0.00832699 -0.00199339 -0.0228384 -0.0142754
internal_weight=1059.43 710.583 116.475 34.6408 81.8346 37.1817 594.108 44.6529
internal_count=5776 4363 581 155 426 183 3782 243
cat_boundaries=0 1
cat_threshold=10496
is_linear=0
shrinkage=0.022


Tree=23
num_leaves=8
num_cat=2
split_feature=4 10 38 40 10 24 10
split_gain=1612.66 90.3392 29.4297 12.5247 7.26678 2.68479 2.1842
threshold=1.0000000180025095e-35 2.5000000000000004 0 1 1.4800000000000002 1.0000000180025095e-35 3.4800000000000004
decision_type=2 8 9 9 10 10 8
left_child=1 2 4 -4 -1 -5 -3
right_child=-2 6 3 5 -6 -7 -8
leaf_value=0.024230210107389422 0.038370725201730932 -0.012123089683436195 0.0047290487561213873 -0.018714090011595279 0.0036690251371326982 -0.0065387362612133529 -0.023127701931826308
leaf_weight=16.173219665884972 347.31193201243877 32.413228049874306 20.942659884691238 35.085958003997803 18.570659786462784 25.464239224791527 553.48960091173649
leaf_count=67 1413 194 107 193 88 126 3588
internal_value=-1.47497e-05 -0.019174 -0.00132126 -0.0082049 0.0124727 -0.0128037 -0.0226573
internal_weight=1049.45 702.14 116.237 81.4929 34.7439 60.5502 585.903
internal_count=5776 4363 581 426 155 319 3782
cat_boundaries=0 1 5
cat_threshold=10496 1048610 0 0 16532
is_linear=0
shrinkage=0.022


Tree=24
num_leaves=8
num_cat=1
split_feature=4 10 39 20 10 23 24
split_gain=1555.07 88.8373 30.8233 15.6405 13.1897 5.07308 2.38363
threshold=1.0000000180025095e-35 2.5000000000000004 0 13.087285165350002 1.4800000000000002 89.500000000000014 1.0000000180025095e-35
decision_type=2 8 9 10 10 10 10
left_child=1 2 6 -3 -4 -6 -1
right_child=-2 3 4 -5 5 -7 -8
leaf_value=-0.015726893498922138 0.037730691029031024 -0.023061770092157995 0.01863648377131473 0 0.0065669967656931671 -0.009223425793273763 -0.0035325408535242329
leaf_weight=41.058965682983398 345.55398754775524 562.86829988658428 31.656325459480286 14.915432438254355 14.451170504093172 12.91913843154907 15.879220098257063
leaf_count=228 1413 3704 140 78 69 63 81
internal_value=-1.348e-05 -0.0189839 -0.00127738 -0.0224786 0.008818 -0.00103974 -0.0112819
internal_weight=1039.3 693.749 115.965 577.784 59.0266 27.3703 56.9382
internal_count=5776 4363 581 3782 272 132 309
cat_boundaries=0 1
cat_threshold=10264
is_linear=0
shrinkage=0.022


Tree=25
num_leaves=16
num_cat=2
split_feature=22 31 3 41 9 9 12 25 40 20 5 1 2 21 20
split_gain=837.278 169.816 75.2613 40.2402 23.4422 19.0807 14.2817 11.7879 9.48818 10.6869 5.65865 3.76259 2.46259 2.12562 1.31321
threshold=1.0000000180025095e-35 96.64646527756085 49.500000000000007 0 56.000000000000007 26.990000000000006 0.95500000000000018 1.0000000180025095e-35 1 12.547071195600003 19.905878927600003 837.8850000000001 495.48500000000007 -7.0847588791149994 19.946054925900004
decision_type=10 8 2 9 10 10 10 8 9 10 2 2 2 8 8
left_child=1 5 6 11 -5 8 12 13 -1 -10 -9 -4 -3 -7 -8
right_child=-2 2 3 4 -6 7 14 10 9 -11 -12 -13 -14 -15 -16
leaf_value=0.0039257873035224797 0.036043529522389393 -0.019700056351885608 -0.012910113636816507 0.01612843954381642 -0.0035400119023201717 -0.0071175253440151865 -0.0040609464465225353 -0.014190788557359569 -0.016326632982853372 0.0041769305114941818 0.0024395902794710988 0.00043306968329846713 -0.0034739287220682171 -0.024216735226620302 0.0040937510469615983
leaf_weight=16.380704879760742 233.82519423961639 71.500712737441063 38.091059446334839 154.23712229728699 33.022039100527763 10.665751725435255 12.583752676844599 16.72201864421368 93.643557861447334 11.115777656435965 14.022416993975638 11.803097575902937 8.789240822196005 288.97884255647659 13.638995513319967
leaf_count=93 969 464 221 741 173 65 72 106 600 58 74 63 52 1954 71
internal_value=-1.32524e-05 -0.0108131 0.000843691 0.00772856 0.012008 -0.0195919 -0.0140314 -0.0224179 -0.011147 -0.0128342 -0.00729626 -0.00843793 -0.0183526 -0.0237778 0
internal_weight=1029.02 795.195 343.666 237.153 187.259 451.529 106.513 330.389 121.14 104.759 30.7444 49.8942 80.29 299.645 26.2227
internal_count=5776 4807 1857 1198 914 2950 659 2199 751 658 180 284 516 2019 143
cat_boundaries=0 7 11
cat_threshold=0 67305472 0 136314880 1048576 4096 268435457 4096 0 0 192
is_linear=0
shrinkage=0.022


Tree=26
num_leaves=8
num_cat=1
split_feature=4 10 39 20 10 27 24
split_gain=1462.73 85.7068 29.6549 15.2755 12.4715 6.11405 2.26661
threshold=1.0000000180025095e-35 2.5000000000000004 0 13.087285165350002 1.4800000000000002 0.83333333333333337 1.0000000180025095e-35
decision_type=2 8 9 10 10 8 10
left_child=1 2 6 -3 -4 -6 -1
right_child=-2 3 4 -5 5 -7 -8
leaf_value=-0.015536831519748823 0.036721731564220206 -0.022768303048092586 0.018095703496796237 0 -0.010150787721919047 0.0072053659936732895 -0.0035510922122550595
leaf_weight=40.704459562897682 341.82965596020222 548.7675851136446 31.856263056397438 14.900088652968405 12.600684970617294 14.743864864110947 15.883976742625235
leaf_count=228 1413 3704 140 78 61 71 81
internal_value=-1.82736e-05 -0.0186696 -0.00129453 -0.0221779 0.00858623 -0.00101499 -0.011143
internal_weight=1021.29 679.457 115.789 563.668 59.2008 27.3445 56.5884
internal_count=5776 4363 581 3782 272 132 309
cat_boundaries=0 1
cat_threshold=10264
is_linear=0
shrinkage=0.022


Tree=27
num_leaves=11
num_cat=1
split_feature=4 20 3 38 3 20 35 31 21 2
split_gain=1412.17 38.0779 30.2984 14.0156 9.48169 9.65331 7.60427 2.06179 1.82745 0.54166
threshold=1.0000000180025095e-35 8.3718224570900031 89.500000000000014 0 74.500000000000014 18.399972137050003 0.99984811004999596 98.934277277201502 -11.177814938649998 6521.0000000000009
decision_type=2 10 2 9 2 10 8 10 8 2
left_child=1 2 9 6 5 8 -4 -5 -3 -1
right_child=-2 4 3 7 -6 -7 -8 -9 -10 -11
leaf_value=-0.022600533310176075 0.036166888137156981 -0.0019472846597936642 0.014295078916111717 -0.016876380942143544 0.010668853852890412 0.0078157261933686877 -0.0052707517304033088 -0.006710896991295446 -0.014867208270741075 -0.007989644612745447
leaf_weight=493.89748381078243 339.55518044531345 10.114180475473402 14.645129680633543 47.699634775519371 15.396281912922857 11.483810171484945 13.007641673088076 29.501969009637833 24.694693773984909 10.849959805607794
leaf_count=3353 1413 54 70 292 75 56 68 165 157 73
internal_value=-1.79836e-05 -0.0184875 -0.0201407 -0.0086155 -0.00173294 -0.00671365 0.00433968 -0.0123389 -0.0120862 -0.0223948
internal_weight=1010.85 671.291 609.602 104.854 61.689 46.2927 27.6528 77.2016 34.8089 504.747
internal_count=5776 4363 4021 595 342 267 138 457 211 3426
cat_boundaries=0 1
cat_threshold=8480
is_linear=0
shrinkage=0.022


Tree=28
num_leaves=8
num_cat=2
split_feature=4 10 39 20 10 40 23
split_gain=1363.85 83.6236 28.8753 14.9087 9.01442 7.24686 4.52836
threshold=1.0000000180025095e-35 2.5000000000000004 0 13.087285165350002 1.4800000000000002 1 84.500000000000014
decision_type=2 8 9 10 10 9 10
left_child=1 2 4 -3 -1 -4 -7
right_child=-2 3 5 -5 -6 6 -8
leaf_value=0.02501367513433092 0.035639248475084553 -0.022446530099446024 0.0025660336353378909 0 0.0028255182323749404 -0.017204442017504869 -0.0027805945143594278
leaf_weight=16.318478479981422 337.11718037724495 533.49768416583538 21.17557954788208 14.873454555869101 18.619705572724342 40.704265832901001 18.3053819835186
leaf_count=69 1413 3704 109 78 89 225 89
internal_value=-1.99245e-05 -0.0183034 -0.00113009 -0.0218475 0.0124333 -0.00806476 -0.0116866
internal_weight=1000.61 663.495 115.123 548.371 34.9382 80.1852 59.0096
internal_count=5776 4363 581 3782 158 423 314
cat_boundaries=0 1 5
cat_threshold=1311746 1052802 0 0 16532
is_linear=0
shrinkage=0.022


Tree=29
num_leaves=11
num_cat=1
split_feature=4 41 31 20 23 31 20 12 5 3
split_gain=1317.47 45.2659 21.2399 15.3556 10.7424 16.4471 9.67297 4.88774 4.34959 3.10799
threshold=1.0000000180025095e-35 0 96.64646527756085 10.925761032900001 75.500000000000014 98.609176725472011 7.7803192711100015 31.015000000000004 89.983568870050007 54.500000000000007
decision_type=2 9 10 10 10 10 10 10 2 2
left_child=1 2 6 4 -3 -6 8 -4 -1 -5
right_child=-2 3 7 9 5 -7 -8 -9 -10 -11
leaf_value=-0.014409656720803136 0.035136921518968092 -0.023759220757186342 0.016466843883988485 -0.0090196702118343942 -0.01835448084949769 0.0029336785579121608 0.0048168825736890708 -0.00024372376157784164 -0.00057553418314702429 0.0037236728666276125
leaf_weight=73.32600325345993 334.52841733396053 413.61200360953808 16.032004997134212 14.790104225277902 63.41126874089241 20.956192120909691 15.178695961832998 12.450957506895064 14.339316636323927 11.373251497745512
leaf_count=510 1413 2875 79 83 418 103 87 61 88 59
internal_value=-1.68063e-05 -0.0181223 -0.00471367 -0.0208971 -0.0221528 -0.0131621 -0.00967211 0.0102312 -0.0123874 -0.00364786
internal_weight=989.998 655.47 131.327 524.143 497.979 84.3675 102.844 28.483 87.6653 26.1634
internal_count=5776 4363 825 3538 3396 521 685 140 598 142
cat_boundaries=0 7
cat_threshold=16 541229056 1048576 32768 69734916 2147516690 16777216
is_linear=0
shrinkage=0.022


Tree=30
num_leaves=8
num_cat=1
split_feature=4 10 39 20 10 35 29
split_gain=1273.21 81.8411 27.3174 14.5496 8.55877 5.30641 2.62068
threshold=1.0000000180025095e-35 2.5000000000000004 0 13.383178086750002 1.4800000000000002 -1.0000000180025095e-35 1.0640989262875002
decision_type=2 8 9 10 10 8 8
left_child=1 2 4 -3 -1 -4 -7
right_child=-2 3 5 -5 -6 6 -8
leaf_value=0.024434966337961654 0.034658180472127792 -0.022105969543577436 0.0032301965164773876 0.00041829297836403661 0.0028023054228148297 -0.0019932315985682365 -0.01325002655031106
leaf_weight=16.406540960073471 331.80101837217808 519.94034054875374 11.950244456529616 13.537949949502943 18.625572741031647 16.531958207488064 50.837863117456436
leaf_count=69 1413 3712 58 70 89 82 283
internal_value=-1.79583e-05 -0.0179416 -0.000934926 -0.0215259 0.0121886 -0.00776365 -0.0109516
internal_weight=979.631 647.83 114.352 533.478 35.0321 79.3201 67.3698
internal_count=5776 4363 581 3782 158 423 365
cat_boundaries=0 1
cat_threshold=1311746
is_linear=0
shrinkage=0.022


Tree=31
num_leaves=8
num_cat=1
split_feature=4 10 39 20 10 35 9
split_gain=1230.67 80.4906 26.3842 14.3545 8.23716 5.15473 3.18796
threshold=1.0000000180025095e-35 2.5000000000000004 0 13.087285165350002 1.4800000000000002 -1.0000000180025095e-35 17.985000000000003
decision_type=2 8 9 10 10 8 10
left_child=1 2 4 -3 -1 -4 -7
right_child=-2 3 5 -5 -6 6 -8
leaf_value=0.023962977271522919 0.034201454408310364 -0.021973534241227815 0.0031801027275130877 0 0.0027533138274280734 -0.00028275926289075755 -0.012927423750534135
leaf_weight=16.47899979352951 328.94644072651863 511.05093885958195 11.965781375765799 14.840420708060263 18.646464109420776 12.890496656298636 54.118687927722931
leaf_count=69 1413 3704 58 78 89 69 296
internal_value=-1.44282e-05 -0.0177637 -0.000898123 -0.0213612 0.011971 -0.00763768 -0.0107935
internal_weight=968.938 639.992 114.1 525.891 35.1255 78.975 67.0092
internal_count=5776 4363 581 3782 158 423 365
cat_boundaries=0 1
cat_threshold=1311746
is_linear=0
shrinkage=0.022


Tree=32
num_leaves=9
num_cat=1
split_feature=4 10 39 20 10 27 29 2
split_gain=1189.89 79.1788 25.5153 14.1421 11.0218 6.57156 1.79649 1.09185
threshold=1.0000000180025095e-35 2.5000000000000004 0 13.087285165350002 1.4800000000000002 1.1666666666666667 1.3716326752300001 68.980000000000018
decision_type=2 8 9 10 10 8 8 2
left_child=1 2 6 -3 -4 -6 -1 -8
right_child=-2 3 4 -5 5 -7 7 -9
leaf_value=-0.0028450088631084484 0.033765304808637098 -0.021815030369567737 0.017056347357994803 0 -0.009296557450349666 0.0087362948032735192 -0.0051874049707252125 -0.016954727022536278
leaf_weight=13.692165598273277 325.97548633813858 503.5659331381321 32.117815926671028 14.840420708060263 14.977795004844666 12.271026760339737 14.288629516959189 26.504023462533951
leaf_count=70 1413 3704 140 78 73 59 87 152
internal_value=-1.08682e-05 -0.0175873 -0.000860366 -0.0211985 0.0081568 -0.000899286 -0.0102627 -0.0141441
internal_weight=958.233 632.258 113.851 518.406 59.3666 27.2488 54.4848 40.7927
internal_count=5776 4363 581 3782 272 132 309 239
cat_boundaries=0 1
cat_threshold=10264
is_linear=0
shrinkage=0.022


Tree=33
num_leaves=8
num_cat=2
split_feature=4 10 39 20 10 40 35
split_gain=1151 77.6704 25.0299 13.9335 7.63364 7.22108 4.24863
threshold=1.0000000180025095e-35 2.5000000000000004 0 13.087285165350002 1.4800000000000002 1 0.90484412170000728
decision_type=2 8 9 10 10 9 8
left_child=1 2 4 -3 -1 -4 -7
right_child=-2 3 5 -5 -6 6 -8
leaf_value=0.023183702713404915 0.033348414479845871 -0.021658207944141427 0.0028858470767715574 0 0.0027350697173247119 -0.0041932749796913483 -0.017614765667175437
leaf_weight=16.590923950076103 322.89842806756496 496.17886213958263 20.900100290775299 14.840420708060263 18.652329966425896 24.824743658304214 32.693207114934921
leaf_count=69 1413 3704 109 78 89 123 191
internal_value=-1.11652e-05 -0.0174167 -0.000853854 -0.0210373 0.0116438 -0.00745981 -0.0111038
internal_weight=947.579 624.681 113.661 511.019 35.2433 78.4181 57.518
internal_count=5776 4363 581 3782 158 423 314
cat_boundaries=0 1 5
cat_threshold=1311746 1052802 0 0 16532
is_linear=0
shrinkage=0.022


Tree=34
num_leaves=8
num_cat=2
split_feature=4 10 39 20 10 40 23
split_gain=1113.51 76.356 24.1869 13.7355 7.3552 7.0338 4.20322
threshold=1.0000000180025095e-35 2.5000000000000004 0 13.383178086750002 1.4800000000000002 1 84.500000000000014
decision_type=2 8 9 10 10 9 10
left_child=1 2 4 -3 -1 -4 -7
right_child=-2 3 5 -5 -6 6 -8
leaf_value=0.02275029169328413 0.032949575694735868 -0.021474791674444139 0.0028477418569128454 0.00041185936004498812 0.0026873018419488566 -0.016363033880160558 -0.0024414857300171918
leaf_weight=16.648690089583397 319.72492262721062 490.19020380079746 20.927591800689697 13.54063296318054 18.672663018107414 39.044521659612656 18.111334830522537
leaf_count=69 1413 3712 109 70 89 225 89
internal_value=-8.20942e-06 -0.0172446 -0.000822455 -0.0208778 0.011439 -0.00734212 -0.0109551
internal_weight=936.861 617.136 113.405 503.731 35.3214 78.0834 57.1559
internal_count=5776 4363 581 3782 158 423 314
cat_boundaries=0 1 5
cat_threshold=1311746 1052802 0 0 16532
is_linear=0
shrinkage=0.022


Tree=35
num_leaves=8
num_cat=2
split_feature=4 10 39 20 10 40 35
split_gain=1077.47 75.077 23.3645 13.5564 7.08967 6.8479 4.16213
threshold=1.0000000180025095e-35 2.5000000000000004 0 13.087285165350002 1.4800000000000002 1 0.90484412170000728
decision_type=2 8 9 10 10 9 8
left_child=1 2 4 -3 -1 -4 -7
right_child=-2 3 5 -5 -6 6 -8
leaf_value=0.022329768828235022 0.032567674112136243 -0.021349422895809107 0.0028101513698790869 0 0.0026404002161621977 -0.0039965208326120114 -0.017279050120084911
leaf_weight=16.701451495289803 316.46413236856461 481.71045066416264 20.954691722989082 14.826592072844504 18.692605406045914 24.692816555500031 32.098308682441711
leaf_count=69 1413 3704 109 78 89 123 191
internal_value=-4.683e-06 -0.0170735 -0.000789008 -0.0207194 0.011239 -0.00722292 -0.0108044
internal_weight=926.141 609.677 113.14 496.537 35.3941 77.7458 56.7911
internal_count=5776 4363 581 3782 158 423 314
cat_boundaries=0 1 5
cat_threshold=1311746 1052802 0 0 16532
is_linear=0
shrinkage=0.022


Tree=36
num_leaves=8
num_cat=1
split_feature=4 10 39 20 35 10 24
split_gain=1042.88 73.7948 22.7349 13.3579 10.348 7.8868 2.10032
threshold=1.0000000180025095e-35 2.5000000000000004 0 13.087285165350002 -2.0307979411499999 1.4800000000000002 1.0000000180025095e-35
decision_type=2 8 9 10 10 10 10
left_child=1 2 6 -3 -4 -6 -1
right_child=-2 3 4 -5 5 -7 -8
leaf_value=-0.013991993953151975 0.032201689459955309 -0.02119708086707572 0.02179576154725631 0 0.010150645065012698 -0.006266101066618548 -0.0026881587035699171
leaf_weight=37.849598541855812 313.1246652007103 474.62045365571976 14.742647647857664 14.826592072844504 23.543089672923088 21.305465757846832 15.438838988542555
leaf_count=228 1413 3704 65 78 103 104 81
internal_value=-1.75834e-06 -0.0169045 -0.000759507 -0.0205626 0.00768455 0.00242451 -0.00976605
internal_weight=915.451 602.327 112.88 489.447 59.5912 44.8486 53.2884
internal_count=5776 4363 581 3782 272 207 309
cat_boundaries=0 1
cat_threshold=10264
is_linear=0
shrinkage=0.022


Tree=37
num_leaves=11
num_cat=1
split_feature=4 20 3 38 32 29 20 20 2 29
split_gain=1009.65 34.3923 27.7764 11.5087 10.7474 6.99864 6.98071 5.05272 1.3924 1.27615
threshold=1.0000000180025095e-35 8.3718224570900031 89.500000000000014 0 14.765478932393988 9.515353378427502 18.399972137050003 3.6338761252400005 6521.0000000000009 14.373534533011666
decision_type=2 10 2 9 10 8 10 8 2 8
left_child=1 2 8 5 -3 -4 9 -5 -1 -6
right_child=-2 4 3 7 6 -7 -8 -9 -10 -11
leaf_value=-0.021082204658742641 0.031850676195729066 0.013848661497507271 0.013322692058573306 -0.017635578650371315 -0.004088480458445341 -0.0057441668889492451 0.0064304476748784879 -0.0048330921519199295 -0.0058582378529178228 -0.014580750319725364
leaf_weight=428.66152757406235 309.71468897163868 12.352439120411871 15.767158597707747 35.727317847311497 19.304542198777202 11.217564165592195 11.918678909540175 35.272776260972023 9.5200401544570905 15.349509879946703
leaf_count=3353 1413 64 77 246 120 61 58 211 73 100
internal_value=0 -0.0167373 -0.0184728 -0.00721032 -0.000614048 0.00431773 -0.00569732 -0.0108145 -0.0208474 -0.0103372
internal_weight=904.806 595.092 536.166 97.9848 58.9252 26.9847 46.5727 71.0001 438.182 34.6541
internal_count=5776 4363 4021 595 342 138 278 457 3426 220
cat_boundaries=0 1
cat_threshold=8480
is_linear=0
shrinkage=0.022


Tree=38
num_leaves=8
num_cat=2
split_feature=4 10 38 20 40 9 23
split_gain=977.763 72.0392 20.9774 13.0708 10.6501 6.41137 2.62311
threshold=1.0000000180025095e-35 2.5000000000000004 0 13.087285165350002 1 50.020000000000003 86.500000000000014
decision_type=2 8 9 10 9 10 10
left_child=1 2 5 -3 -4 -1 -6
right_child=-2 3 4 -5 6 -7 -8
leaf_value=0.019876487591511536 0.031513755490205422 -0.020909253383012961 0.0052968332267825198 0 -0.015571466202996879 0.00094241388473782469 -0.003568819993767416
leaf_weight=20.493623942136765 306.24191203713417 461.28143727779388 18.452652677893639 14.795656323432921 40.643538638949394 14.726679071784018 17.897483497858047
leaf_count=90 1413 3704 96 78 241 65 89
internal_value=-1.30554e-06 -0.0165686 -0.000608818 -0.0202646 -0.00676502 0.0107698 -0.0109617
internal_weight=894.533 588.291 112.214 476.077 76.9937 35.2203 58.541
internal_count=5776 4363 581 3782 426 155 330
cat_boundaries=0 1 5
cat_threshold=10496 34 0 0 16532
is_linear=0
shrinkage=0.022


Tree=39
num_leaves=8
num_cat=2
split_feature=4 10 39 20 40 10 24
split_gain=946.922 70.8411 21.0856 12.8817 7.67572 6.66377 4.20034
threshold=1.0000000180025095e-35 2.5000000000000004 0 13.383178086750002 1 1.4800000000000002 1.0000000180025095e-35
decision_type=2 8 9 10 9 10 10
left_child=1 2 5 -3 -4 -1 -6
right_child=-2 3 4 -5 6 -7 -8
leaf_value=0.021457992432407976 0.031190124085232519 -0.020731590560648695 0.0039685002944924224 0.00046404990501682755 -0.016776604102553699 0.0024463396004571307 -0.0037926153778296968
leaf_weight=16.775620698928833 302.71358156204224 455.76155552268028 18.139160454273224 13.517476722598074 32.30254827439785 18.764042347669601 25.993582472205162
leaf_count=69 1413 3712 97 70 196 89 130
internal_value=0 -0.016402 -0.000577618 -0.0201113 -0.00679875 0.0107645 -0.0103562
internal_weight=883.968 581.254 111.975 469.279 76.4353 35.5397 58.2961
internal_count=5776 4363 581 3782 423 158 326
cat_boundaries=0 1 5
cat_threshold=1311746 1052674 0 0 16532
is_linear=0
shrinkage=0.022


Tree=40
num_leaves=10
num_cat=2
split_feature=4 10 38 21 37 19 23 38 6
split_gain=917.247 69.632 21.3868 11.8864 8.30165 5.19485 1.63813 1.07204 0.307725
threshold=1.0000000180025095e-35 2.5000000000000004 0 -12.1694867136 19.999881539050005 7.9286555665450011 88.500000000000014 1 37.41532826600001
decision_type=2 8 9 8 8 8 10 9 2
left_child=1 2 6 -3 -4 -6 8 -5 -1
right_child=-2 3 4 7 5 -7 -8 -9 -10
leaf_value=-0.0062002648001424094 0.030879030893628916 0.004010439519104409 -0.0017472644582160251 -0.008494482578945254 0.022645887716150823 0.0051063693384892509 -0.0014991361522901129 -0.021403636825074915 -0.015457826000745899
leaf_weight=18.445037916302681 299.13654491305351 7.6214049309492111 21.544235467910767 62.681011669337749 14.880821228027342 22.916700541973114 10.477543666958807 392.27484752982855 23.452056229114532
leaf_count=116 1413 41 100 505 65 106 54 3236 140
internal_value=0 -0.0162373 -0.000549078 -0.0199589 0.00759734 0.0142936 -0.00939724 -0.0204194 -0.0127843
internal_weight=873.43 574.294 111.716 462.577 59.3418 37.7975 52.3746 454.956 41.8971
internal_count=5776 4363 581 3782 271 171 310 3741 256
cat_boundaries=0 1 2
cat_threshold=49170 9856
is_linear=0
shrinkage=0.022


Tree=41
num_leaves=9
num_cat=2
split_feature=4 10 39 10 9 40 23 21
split_gain=889.1 68.6022 27.0594 12.0127 10.9639 4.50801 1.23471 0.111799
threshold=1.0000000180025095e-35 3.4800000000000004 0 1.4800000000000002 37.490000000000009 1 86.500000000000014 -7.0847588791149994
decision_type=2 8 9 10 10 9 10 8
left_child=1 2 3 -1 -5 -4 -7 -3
right_child=-2 7 5 4 -6 6 -8 -9
leaf_value=0.020422798419434372 0.030579782100160938 -0.0080718025837345411 0.00094648765211812023 0.011333402137001347 -0.0095749443550863442 -0.016607400625921646 -0.0056383402792900472 -0.020605453123865233
leaf_weight=20.965168088674545 295.51723478734493 12.145276345312594 19.043904237449169 18.028790630400181 18.485327750444412 45.341914422810078 16.801877431571484 416.94974643737078
leaf_count=87 1413 87 109 102 107 279 91 3501
internal_value=-7.71096e-07 -0.0160807 -0.00244676 0.00801024 0.000761683 -0.00975485 -0.012627 -0.0203795
internal_weight=863.279 567.762 138.667 57.4793 36.5141 81.1877 62.1438 429.095
internal_count=5776 4363 775 296 209 479 370 3588
cat_boundaries=0 1 5
cat_threshold=1836035 1052706 0 0 148
is_linear=0
shrinkage=0.022


Tree=42
num_leaves=14
num_cat=2
split_feature=22 31 11 41 41 30 10 28 10 23 21 33 34
split_gain=471.729 113.107 47.2901 27.9171 26.8124 15.1478 10.6478 10.5491 16.5586 10.9148 8.64327 3.46939 2.09674
threshold=1.0000000180025095e-35 96.64646527756085 50.500000000000007 0 1 5.5000000000000009 41.490000000000009 1.0000000180025095e-35 3.4800000000000004 55.500000000000007 -8.9492385786799975 1.3072453861927544 -0.99651677174404985
decision_type=10 8 2 9 9 2 8 8 8 8 8 8 2
left_child=1 4 3 11 7 -5 12 8 -1 -9 -6 -3 -4
right_child=-2 2 6 5 10 -7 -8 9 -10 -11 -12 -13 -14
leaf_value=0.010582741243272704 0.029495406791125948 -0.016345940536138498 -0.0077819097308119882 0.013383669630695722 -0.00072208045853456638 -0.0069937938530528114 -0.017850059265489215 0.016997301073177921 -0.016909380816378907 -0.0040032671338246523 -0.022038251393576975 -0.0033468897717922942 0.0018481264008544675
leaf_weight=8.9519048333168012 195.27826090157032 12.614391788840292 11.496956586837767 148.06495861709118 10.526574760675429 15.830894380807875 52.005217179656029 11.324262134730814 41.559606283903122 33.073905542492867 255.11652727425098 33.937009498476982 23.202761605381966
leaf_count=50 969 84 83 805 64 87 431 89 349 223 2175 222 145
internal_value=-4.38454e-07 -0.00895377 0.00109435 0.00672145 -0.0171324 0.0105826 -0.0120553 -0.00453007 -0.0113335 0.00262991 -0.020494 -0.00708912 -0.00188427
internal_weight=852.983 657.705 297.152 210.447 360.553 163.896 86.7049 94.9097 50.5115 44.3982 265.643 46.5514 34.6997
internal_count=5776 4807 1857 1198 2950 892 659 711 399 312 2239 306 228
cat_boundaries=0 7 13
cat_threshold=0 84082688 0 136314880 1048576 4096 402653184 32786 536870912 1048640 525312 606082560 2281734418
is_linear=0
shrinkage=0.022


Tree=43
num_leaves=9
num_cat=2
split_feature=4 10 41 35 40 29 10 20
split_gain=843.062 66.2344 24.2406 8.74671 7.40187 5.98724 4.08302 2.84774
threshold=1.0000000180025095e-35 3.4800000000000004 0 1.0000000000000038 1 -28.25040058284166 1.4800000000000002 13.383178086750002
decision_type=2 8 9 10 9 10 10 10
left_child=1 2 3 5 -4 -1 -6 -3
right_child=-2 7 4 -5 6 -7 -8 -9
leaf_value=0.0046710486814490393 0.03010574443344842 -0.02038399762976054 0.0032129253385852689 -0.0024526003754804363 -0.0068114623555214212 0.026700855043200331 -0.018469917150823332 -0.0029691919224310035
leaf_weight=14.431713901460171 289.05539706349373 410.55584995448589 19.690162174403667 11.895588025450705 51.652550652623177 12.627921484410763 27.926934950053692 7.5968090891838065
leaf_count=72 1413 3547 111 66 288 61 177 41
internal_value=-5.06254e-06 -0.0158126 -0.00242835 0.00998865 -0.00784817 0.0180982 -0.0107222 -0.0201271
internal_weight=845.433 556.378 138.225 38.9552 99.2696 27.0596 79.5795 418.153
internal_count=5776 4363 775 199 576 133 465 3588
cat_boundaries=0 6 10
cat_threshold=4 0 0 32768 0 258 1060866 0 0 16528
is_linear=0
shrinkage=0.022


Tree=44
num_leaves=9
num_cat=1
split_feature=4 41 31 31 19 9 21 23
split_gain=817.142 56.3707 18.8618 11.9972 9.78958 10.7808 5.76297 1.45884
threshold=1.0000000180025095e-35 0 98.681312311616054 83.098219008993141 10.107826802250001 27.025000000000002 -9.4880156075799977 96.500000000000014
decision_type=2 9 10 10 10 8 8 10
left_child=1 2 4 -3 5 -1 -5 -8
right_child=-2 3 -4 6 -6 -7 7 -9
leaf_value=0.0087409391220614769 0.029835275473716463 -0.023083320982955596 0.020128169129248665 -0.0010184548963061686 -0.016376673953237688 -0.0063725694606910311 -0.016229994461956481 -0.0051178367137632288
leaf_weight=30.474626943469051 285.35430073738098 240.95541394501925 11.586644776165484 16.099458619952202 19.463821575045586 54.977180622518063 161.70973112434149 14.678506769239901
leaf_count=213 1413 2110 53 88 158 397 1257 87
internal_value=-2.33492e-06 -0.0156492 -0.000960622 -0.0190621 -0.00438866 -0.000702652 -0.0144153 -0.0155342
internal_weight=835.3 549.945 116.502 433.443 104.916 85.4518 192.488 176.388
internal_count=5776 4363 821 3542 768 610 1432 1344
cat_boundaries=0 7
cat_threshold=17 541097984 1048576 32768 69993028 2147516690 16777472
is_linear=0
shrinkage=0.022


end of trees

feature_importances:
remaining_duration_months=81
required_progress_velocity_pct_per_month=45
cost_overrun_pct=39
sector=23
ministry=22
prev_physical_progress_pct=16
rolling_expenditure_growth_3m=15
planned_duration_months=11
velocity_gap_pct_points=11
expected_progress_pct=11
efficiency_gap_change_1m=11
implementing_agency=11
physical_progress_pct=10
state=10
cumulative_expenditure_cr=8
prev_completion_revised_flag=8
schedule_slippage_months=6
prev_cost_overrun_pct=6
expenditure_growth_pct=5
cost_overrun_trend_1m=5
expenditure_growth_change_1m=5
revised_cost_cr=3
expenditure_original_cost_pct=3
progress_gap_enhanced_pct=3
progress_expenditure_gap_pct=2
rolling_progress_velocity_3m=2
progress_gap_change_1m=2
expenditure_revised_cost_pct=1
project_age_months=1
remaining_progress_pct=1
completion_date_revised_flag=1
rolling_cost_growth_3m=1
snapshots_so_far=1
expenditure_progress_efficiency_gap=1

parameters:
[boosting: gbdt]
[objective: binary]
[metric: auc,binary_logloss]
[tree_learner: serial]
[device_type: cpu]
[data_sample_strategy: bagging]
[data: ]
[valid: ]
[num_iterations: 600]
[learning_rate: 0.022]
[num_leaves: 18]
[num_threads: 4]
[seed: 42]
[deterministic: 0]
[force_col_wise: 0]
[force_row_wise: 0]
[histogram_pool_size: -1]
[max_depth: 5]
[min_data_in_leaf: 60]
[min_sum_hessian_in_leaf: 0.001]
[bagging_fraction: 0.85]
[pos_bagging_fraction: 1]
[neg_bagging_fraction: 1]
[bagging_freq: 0]
[bagging_seed: 400]
[bagging_by_query: 0]
[feature_fraction: 0.85]
[feature_fraction_bynode: 1]
[feature_fraction_seed: 30056]
[extra_trees: 0]
[extra_seed: 12879]
[early_stopping_round: 0]
[early_stopping_min_delta: 0]
[first_metric_only: 0]
[max_delta_step: 0]
[lambda_l1: 0.25]
[lambda_l2: 6]
[linear_lambda: 0]
[min_gain_to_split: 0]
[drop_rate: 0.1]
[max_drop: 50]
[skip_drop: 0.5]
[xgboost_dart_mode: 0]
[uniform_drop: 0]
[drop_seed: 17869]
[top_rate: 0.2]
[other_rate: 0.1]
[min_data_per_group: 100]
[max_cat_threshold: 32]
[cat_l2: 10]
[cat_smooth: 10]
[max_cat_to_onehot: 4]
[top_k: 20]
[monotone_constraints: ]
[monotone_constraints_method: basic]
[monotone_penalty: 0]
[feature_contri: ]
[forcedsplits_filename: ]
[refit_decay_rate: 0.9]
[cegb_tradeoff: 1]
[cegb_penalty_split: 0]
[cegb_penalty_feature_lazy: ]
[cegb_penalty_feature_coupled: ]
[path_smooth: 0]
[interaction_constraints: ]
[verbosity: -1]
[saved_feature_importance_type: 0]
[use_quantized_grad: 0]
[num_grad_quant_bins: 4]
[quant_train_renew_leaf: 0]
[stochastic_rounding: 1]
[linear_tree: 0]
[max_bin: 255]
[max_bin_by_feature: ]
[min_data_in_bin: 3]
[bin_construct_sample_cnt: 200000]
[data_random_seed: 175]
[is_enable_sparse: 1]
[enable_bundle: 1]
[use_missing: 1]
[zero_as_missing: 0]
[feature_pre_filter: 1]
[pre_partition: 0]
[two_round: 0]
[header: 0]
[label_column: ]
[weight_column: ]
[group_column: ]
[ignore_column: ]
[categorical_feature: 38,39,40,41]
[forcedbins_filename: ]
[precise_float_parser: 0]
[parser_config_file: ]
[objective_seed: 16083]
[num_class: 1]
[is_unbalance: 0]
[scale_pos_weight: 1]
[sigmoid: 1]
[boost_from_average: 1]
[reg_sqrt: 0]
[alpha: 0.9]
[fair_c: 1]
[poisson_max_delta_step: 0.7]
[tweedie_variance_power: 1.5]
[lambdarank_truncation_level: 30]
[lambdarank_norm: 1]
[label_gain: ]
[lambdarank_position_bias_regularization: 0]
[eval_at: ]
[multi_error_top_k: 1]
[auc_mu_weights: ]
[num_machines: 1]
[local_listen_port: 12400]
[time_out: 120]
[machine_list_filename: ]
[machines: ]
[gpu_platform_id: -1]
[gpu_device_id: -1]
[gpu_use_dp: 0]
[num_gpu: 1]

end of parameters

pandas_categorical:[["Department for Promotion of Industry & Internal Trade", "Department of Higher Education", "Department of Sports", "Department of Telecommunications", "Department of Water Resources, River Development & GR", "Ministry of Civil Aviation", "Ministry of Coal", "Ministry of Health & Family Welfare", "Ministry of Housing & Urban Affairs", "Ministry of Labour and Employment", "Ministry of Mines", "Ministry of Petroleum & Natural Gas", "Ministry of Ports, Shipping and Waterways", "Ministry of Power", "Ministry of Railways", "Ministry of Road Transport & Highways", "Ministry of Steel"], ["Aviation & Aviation Infrastructure", "Coal", "Construction", "Education", "Electricity Generation", "Energy Storage", "Healthcare", "Inland Waterways", "Logistics Infrastructure", "Metals & Mining", "Oil & Gas", "Railways", "Real Estate", "Roads & Highways", "Shipping", "Steel", "Telecommunication", "Tourism, Hospitality & Wellness", "Transmission & Distribution", "Urban Public Transport", "Waste & Water", "Water Resources"], ["Andaman & Nicobar", "Andhra Pradesh", "Arunachal Pradesh", "Assam", "Bihar", "Chhattisgarh", "Dadra & Nagar Haveli and Daman & Diu", "Delhi", "Goa", "Gujarat", "Haryana", "Himachal Pradesh", "Jammu and Kashmir", "Jharkhand", "Karnataka", "Kerala", "Ladakh", "Madhya Pradesh", "Maharashtra", "Manipur", "Meghalaya", "Mizoram", "Multi-States (Andhra Pradesh, Bihar, Chhattisgarh, Jharkhand, Madhya Pradesh, Maharashtra, Odisha, Telangana, Uttar Pradesh, West Bengal)", "Multi-States (Andhra Pradesh, Chhattisgarh, Jharkhand, Maharashtra, Odisha)", "Multi-States (Andhra Pradesh, Chhattisgarh, Odisha)", "Multi-States (Andhra Pradesh, Karnataka)", "Multi-States (Andhra Pradesh, Maharashtra, Telangana)", "Multi-States (Andhra Pradesh, Odisha)", "Multi-States (Andhra Pradesh, Odisha, Telangana)", "Multi-States (Andhra Pradesh, Tamil Nadu)", "Multi-States (Andhra Pradesh, Telangana)", "Multi-States (Arunachal Pradesh, Assam)", "Multi-States (Arunachal Pradesh, Assam, Manipur, Meghalaya, Mizoram, Nagaland, Sikkim, Tripura, West Bengal)", "Multi-States (Arunachal Pradesh, Gujarat, Rajasthan)", "Multi-States (Arunachal Pradesh, Sikkim)", "Multi-States (Assam, Bihar, Jharkhand, Odisha, West Bengal)", "Multi-States (Assam, Bihar, West Bengal)", "Multi-States (Assam, Manipur, Meghalaya, Mizoram, Nagaland, Tripura)", "Multi-States (Assam, Nagaland)", "Multi-States (Assam, West Bengal)", "Multi-States (Bihar, Delhi, Jharkhand, Uttar Pradesh, West Bengal)", "Multi-States (Bihar, Gujarat, Himachal Pradesh, Jammu and Kashmir, Ladakh, Rajasthan, Uttar Pradesh)", "Multi-States (Bihar, Jharkhand)", "Multi-States (Bihar, Jharkhand, Uttar Pradesh, West Bengal)", "Multi-States (Bihar, Madhya Pradesh, Rajasthan, Uttar Pradesh)", "Multi-States (Bihar, Odisha, West Bengal)", "Multi-States (Bihar, Uttar Pradesh)", "Multi-States (Bihar, West Bengal)", "Multi-States (Chhattisgarh, Madhya Pradesh, Maharashtra, Odisha)", "Multi-States (Chhattisgarh, Maharashtra)", "Multi-States (Chhattisgarh, Odisha)", "Multi-States (Dadra & Nagar Haveli and Daman & Diu, Gujarat, Maharashtra)", "Multi-States (Delhi, Gujarat, Madhya Pradesh, Maharashtra, Rajasthan)", "Multi-States (Delhi, Haryana)", "Multi-States (Delhi, Haryana, Rajasthan)", "Multi-States (Delhi, Rajasthan)", "Multi-States (Delhi, Uttar Pradesh)", "Multi-States (Goa, Karnataka)", "Multi-States (Goa, Karnataka, Maharashtra, Telangana)", "Multi-States (Gujarat, Haryana, Maharashtra, Rajasthan, Uttar Pradesh)", "Multi-States (Gujarat, Haryana, Punjab, Rajasthan)", "Multi-States (Gujarat, Haryana, Rajasthan)", "Multi-States (Gujarat, Madhya Pradesh)", "Multi-States (Gujarat, Madhya Pradesh, Uttar Pradesh)", "Multi-States (Gujarat, Maharashtra)", "Multi-States (Gujarat, Rajasthan)", "Multi-States (Haryana, Himachal Pradesh)", "Multi-States (Haryana, Punjab)", "Multi-States (Haryana, Punjab, Rajasthan)", "Multi-States (Haryana, Rajasthan)", "Multi-States (Haryana, Uttar Pradesh)", "Multi-States (Himachal Pradesh, Punjab)", "Multi-States (Jammu and Kashmir, Ladakh)", "Multi-States (Jammu and Kashmir, Punjab)", "Multi-States (Jharkhand, Odisha)", "Multi-States (Jharkhand, Odisha, West Bengal)", "Multi-States (Jharkhand, Uttar Pradesh)", "Multi-States (Jharkhand, West Bengal)", "Multi-States (Karnataka, Kerala, Tamil Nadu)", "Multi-States (Karnataka, Maharashtra)", "Multi-States (Karnataka, Maharashtra, Telangana, Uttar Pradesh)", "Multi-States (Karnataka, Tamil Nadu)", "Multi-States (Karnataka, Telangana)", "Multi-States (Kerala, Puducherry)", "Multi-States (Kerala, Tamil Nadu)", "Multi-States (Madhya Pradesh, Maharashtra)", "Multi-States (Madhya Pradesh, Rajasthan)", "Multi-States (Madhya Pradesh, Rajasthan, Uttar Pradesh)", "Multi-States (Madhya Pradesh, Uttar Pradesh)", "Multi-States (Maharashtra, Telangana)", "Multi-States (Odisha, West Bengal)", "Multi-States (Puducherry, Tamil Nadu)", "Multi-States (Punjab, Rajasthan)", "Multi-States (Rajasthan, Uttar Pradesh)", "Multi-States (Sikkim, West Bengal)", "Multi-States (Uttar Pradesh, Uttarakhand)", "Multi-States (Uttar Pradesh, West Bengal)", "Nagaland", "Odisha", "Offshore", "PAN India", "Puducherry", "Punjab", "Rajasthan", "Sikkim", "Tamil Nadu", "Telangana", "Tripura", "Uttar Pradesh", "Uttarakhand", "West Bengal"], ["Adani Airport Holdings Limited", "Adani Transmission Limited", "Airport Authority of India [AAI]", "BCCL - CIL", "BSNL", "Banaras Hindu University", "Bengaluru Metro Rail", "Bharat Coking Coal Limited (BCCL", "Bharat Coking Coal Limited [BCCL]", "Bharat Petroleum Corporation Limited [BPCL]", "CAO/C/ECoR", "CAO/C/II/NR", "CAO/C/NCR", "CAO/C/NR", "CAO/C/SECR", "CAO/C/SER", "CCL - CIL", "CERL", "CORE", "CPM/ICF", "CR", "CSPCC Projects", "Central Coalfields Limited [CCL]", "Central Organisation for Railway Electrification [CORE]", "Central Public Works Department (CPWD", "Central Public Works Department - CPWD", "Central Public Works Department [CPWD]", "Central Railway", "Central Railway (CR) - II", "Central Railway [CR] - II", "Central Railways", "Central Tribal University of Andhra Pradesh", "Central University of Gujarat", "Central University of Punjab", "Central University, Himachal Pradesh", "CentralRailway", "Chennai Metro Rail Limited [CMRL]", "Chennai Petroleum Corporation Limited [CPCL]", "Cochin Shipyard", "Construction NER", "DFCCIL", "Damodar Valley Corporation", "Deendayal Port Trust", "Deendayal Port Trust [DPT]", "Delhi Metro Rail Corporation Limited [DMRC]", "Delhi University", "Department of Sports & Youth Affairs", "Department of Telecommunications", "Department of Telecommunications [DoT]", "Department of Water Resources, River Development & GR", "Department of Water Resources-JH", "Department of Water Resources-MH", "Department of Water Resources-PB", "Department of water resources-MH - II", "ECL - CIL", "EDTK[MC]/RB", "East Central Railway [ECR] - I", "East Central Railway [ECR] - II", "East Coast Railway [ECoR] - II", "Eastern Coal Fields Limited [ECL]", "Eastern Railway [ER] - I", "Employee's State Insurance Company [ESIC]", "GAIL Gas", "GM/C/ NFR", "Gas Authority of India Limited [GAIL]", "Gujarat", "Gujarat Metro Rail Corporation Limited [GMRCL]", "Gurugram Metro Rail Limited (GMRL", "Haldia Dock Complex, Syama Prasad Mookerjee Port Authority", "Hindustan Copper Limited [HCL]", "Hindustan Petroleum Corporation Limited", "Hindustan Petroleum Corporation Limited [HPCL]", "IISC Bangalore", "INDIAN INSTITUTE OF TECHNOLOGY PALAKKAD", "Indian Institute of Management, Jammu", "Indian Institute of Management, Sirmaur", "Indian Institute of Technology, Bhilai", "Indian Institute of Technology, Bombay", "Indian Institute of Technology, Hyderabad", "Indian Institute of Technology, Indore", "Indian Institute of Technology, Kharagpur", "Indian Institute of Technology, Mandi", "Indian Institutes of Science Education and Research, Behrampur", "Indian Oil Corporation Limited (IOCL", "Indian Oil Corporation Limited [IOCL]", "Indian Port Rail & Ropeway Corporation Ltd. [IPRCL]", "Indian Railway", "Indian Railway Construction International Limited [IRCON]", "Indian Railway and Govt of Odisha", "Indian Railways", "Indian intitue of Management, Amritsar", "Inland Waterways Authority of India [IWAI]", "Irrigation & Water Resources-UP", "Irrigation and CAD-TG", "Irrigation-UK", "Jawaharlal Nehru Port Authority [JNPA]", "Karnataka Rail Infrastructure Development Company Limited [K-RIDE]", "M/S SRC company Infra Private Limited", "MCL - CIL", "MIS MoCoal Integration Logins", "MRIDC", "Madhya Pradesh Metro Rail Co Limited [MPMRCL]", "Mahanadi Coalfields Limited (MCL", "Mahanadi Coalfields Limited [MCL]", "Maharashtra Metro Rail Corporation Limited [MMRCL]", "Mangalore Refinary and Petrochemicals Limited", "Medical Education, Ministry of Health and Family Welfare", "Metro Railway, Kolkata", "Ministry of Coal", "Ministry of Education", "Ministry of Health & Family Welfare", "Ministry of Housing & Urban Affairs", "Ministry of Mines", "Ministry of Petroleum & Natural Gas", "Ministry of Petroleum and Natural Gas", "Ministry of Railways", "MinistryofPetroleumNaturalGas", "MoRTH", "Mumbai Metro Rail Corporation Limited [MMRC]", "Mumbai Port Trust [MPT]", "Mumbai Rail Vikas Corporation Ltd.[MRVC]", "NER", "NHAI", "NHIDCL", "NIT Mizoram", "NIT Nagaland", "NIT Patna", "NIT Rourkela", "NIT Sikkim", "NLC India Limited [NLCIL]", "NRL", "Narmada and Water Resources, Water Supply and Kalpsar Department-GJ", "National Aluminium Company Limited [NALCO]", "National Buildings Construction Corporation [NBCC]", "National Capital Region Transport Corporation [NCRTC]", "National Communication Academy - Finance (Erstwhile NICF", "National High Speed Rail Corporation [NHSRC]", "National Highways & Infrastructure Development Corporation Ltd. [NHIDCL]", "National Highways Authority of India [NHAI]", "National Hydroelectric Power Corporation Limited (NHPC", "National Hydroelectric Power Corporation Limited [NHPC]", "National Industrial Corridor Development Corporation", "National Institute of Technology Delhi", "National Institute of Technology Uttarakhand", "National Institute of Technology, Arunachal Pradesh", "National Institute of Technology, Meghalaya", "National Institute of Technology, Puducherry", "National Mineral Development Corporation Limited [NMDC]", "National Mission for Clean Ganga", "National Thermal Power Corporation [NTPC]", "New Mangalore Port Authority", "North Central Railway", "North Central Railway (NCR) - II", "North Eastern Electric Power Corporation Limited", "North Eastern Railway [NER]", "North Western Railway [NWR]", "Northeast Frontier Railway (NFR) - II", "Northeast Frontier Railway [NFR]", "Northen Railway [NR]", "Northern Coalfields Limited [NCL]", "Northern Railways", "Oil and Natural Gas Corporation Limited [ONGC]", "PCE/NCR", "PCE/WR", "PMSSY AND Institute of NATIONAL Importance", "PMSSY/Institute of National Importance (INI", "Paradip Port Trust [PPT]", "Patna Metro Rail Corporation Ltd. [PMRCL]", "Power Grid Corporation of India Limited [POWERGRID]", "RCIL", "RVNL", "RVNL - I", "RVNL - II", "Rail Land Development Authority", "Rail Vikas Nigam Limited", "Railway", "Reliance Industries Ltd", "SECL - CIL", "SECR", "SR-ERS", "Satluj Jal Vidyut Nigam [SJVN] Thermal Limited", "Sikkim University", "Singareni Collieries Company Limited [SCCL]", "Smart City Mission", "South Central Railway [SCR] - I", "South Central Railway [SCR] - II", "South East Central Railway", "South East Central Railway [SECR] - II", "South Eastern Central Railway", "South Eastern Coalfields Limited [SECL]", "South Eastern Railway - JH", "South Eastern Railway [SER] - I", "South Western Railway [SWR] - II", "Southern Railway (SR) - I", "Southern Railway [SR] - I", "Southern Railway [SR] - II", "Southern Railways [SR] - construction", "Steel Authority of India Limited [SAIL]", "Sterlite Power", "THDC India Limited", "Tezpur University", "Uttar Pradesh metro rail corporation [UPMRC]", "WCL - CIL", "WPO/Patna", "WR", "Water Resources Department-MN", "Water Resources-AP", "Water Resources-BR", "Water Resources-CT", "Water Resources-KA", "Water Resources-MP", "Water Resources-OR", "Water resource-mp", "West Central Railway WCR I", "West Central Railway [WCR] - II", "Western Coalfields Limited [WCL]", "Western Railway", "Western Railway (WR) - II", "Western Railway WR - II", "Western Railway [WR] - II", "ministry of housing and urban affairs"]]
